ground_truth = (
(
	(
		("workspace", "Workspace"),
		("table", "Block"),
		("A_blk1", "Block"),
		("A_blk2", "Block"),
		("I_blk1", "Block"),
		("I_blk2", "Block"),
		("M_blk3", "Block"),
		("M_blk4", "Block"),
		("M_blk6", "Block"),
		("M_blk7", "Block"),
		("U_blk2", "Block"),
		("U_blk3", "Block"),
		("U_blk4", "Block"),
		("U_blk5", "Block"),
		("discard-bin", "Block"),
		("gripping", ("nothing","nothing")),
	),
	"move object",
	(
		"I_blk1",
		"table",
		(
			(-1.000000, -0.000691, 0.000056, ),
			(0.000691, -1.000000, 0.000194, ),
			(0.000056, 0.000194, 1.000000, ),
		),
		(
			(-0.980772, ),
			(-0.787637, ),
			(2.660161, ),
		),
	)
),
(
	(
		("workspace", "Workspace"),
		("table", "Block"),
		("A_blk1", "Block"),
		("A_blk2", "Block"),
		("I_blk1", "Block"),
		("I_blk2", "Block"),
		("M_blk3", "Block"),
		("M_blk4", "Block"),
		("M_blk6", "Block"),
		("M_blk7", "Block"),
		("U_blk2", "Block"),
		("U_blk3", "Block"),
		("U_blk4", "Block"),
		("U_blk5", "Block"),
		("discard-bin", "Block"),
		("gripping", ("nothing","nothing")),
	),
	"move object",
	(
		"M_blk3",
		"I_blk1",
		(
			(-0.998316, 0.058012, -0.000764, ),
			(-0.058011, -0.998316, -0.000510, ),
			(-0.000792, -0.000464, 1.000000, ),
		),
		(
			(0.015378, ),
			(-0.029924, ),
			(0.396938, ),
		),
	)
),
(
	(
		("workspace", "Workspace"),
		("table", "Block"),
		("A_blk1", "Block"),
		("A_blk2", "Block"),
		("I_blk1", "Block"),
		("I_blk2", "Block"),
		("M_blk3", "Block"),
		("M_blk4", "Block"),
		("M_blk6", "Block"),
		("M_blk7", "Block"),
		("U_blk2", "Block"),
		("U_blk3", "Block"),
		("U_blk4", "Block"),
		("U_blk5", "Block"),
		("discard-bin", "Block"),
		("gripping", ("nothing","nothing")),
	),
	"move object",
	(
		"M_blk4",
		"M_blk3",
		(
			(0.998324, 0.057830, -0.002098, ),
			(-0.057831, 0.998326, -0.000543, ),
			(0.002063, 0.000663, 0.999998, ),
		),
		(
			(0.002115, ),
			(-0.019762, ),
			(0.391374, ),
		),
	)
),
(
	(
		("workspace", "Workspace"),
		("table", "Block"),
		("A_blk1", "Block"),
		("A_blk2", "Block"),
		("I_blk1", "Block"),
		("I_blk2", "Block"),
		("M_blk3", "Block"),
		("M_blk4", "Block"),
		("M_blk6", "Block"),
		("M_blk7", "Block"),
		("U_blk2", "Block"),
		("U_blk3", "Block"),
		("U_blk4", "Block"),
		("U_blk5", "Block"),
		("discard-bin", "Block"),
		("gripping", ("nothing","nothing")),
	),
	"move object",
	(
		"I_blk2",
		"M_blk4",
		(
			(-0.993495, 0.113868, 0.001088, ),
			(-0.113870, -0.993495, -0.001470, ),
			(0.000914, -0.001584, 0.999998, ),
		),
		(
			(-0.007710, ),
			(-0.009681, ),
			(0.388962, ),
		),
	)
),
(
	(
		("workspace", "Workspace"),
		("table", "Block"),
		("A_blk1", "Block"),
		("A_blk2", "Block"),
		("I_blk1", "Block"),
		("I_blk2", "Block"),
		("M_blk3", "Block"),
		("M_blk4", "Block"),
		("M_blk6", "Block"),
		("M_blk7", "Block"),
		("U_blk2", "Block"),
		("U_blk3", "Block"),
		("U_blk4", "Block"),
		("U_blk5", "Block"),
		("discard-bin", "Block"),
		("gripping", ("nothing","nothing")),
	),
	"move object",
	(
		"A_blk2",
		"table",
		(
			(0.999987, 0.000277, -0.005127, ),
			(-0.000336, 0.999933, -0.011598, ),
			(0.005124, 0.011600, 0.999920, ),
		),
		(
			(0.361171, ),
			(-0.800479, ),
			(2.654321, ),
		),
	)
),
(
	(
		("workspace", "Workspace"),
		("table", "Block"),
		("A_blk1", "Block"),
		("A_blk2", "Block"),
		("I_blk1", "Block"),
		("I_blk2", "Block"),
		("M_blk3", "Block"),
		("M_blk4", "Block"),
		("M_blk6", "Block"),
		("M_blk7", "Block"),
		("U_blk2", "Block"),
		("U_blk3", "Block"),
		("U_blk4", "Block"),
		("U_blk5", "Block"),
		("discard-bin", "Block"),
		("gripping", ("nothing","nothing")),
	),
	"move object",
	(
		"M_blk6",
		"A_blk2",
		(
			(0.999162, -0.040940, 0.000179, ),
			(0.040939, 0.999159, 0.002433, ),
			(-0.000278, -0.002423, 0.999997, ),
		),
		(
			(-0.299172, ),
			(0.053586, ),
			(0.446921, ),
		),
	)
),
(
	(
		("workspace", "Workspace"),
		("table", "Block"),
		("A_blk1", "Block"),
		("A_blk2", "Block"),
		("I_blk1", "Block"),
		("I_blk2", "Block"),
		("M_blk3", "Block"),
		("M_blk4", "Block"),
		("M_blk6", "Block"),
		("M_blk7", "Block"),
		("U_blk2", "Block"),
		("U_blk3", "Block"),
		("U_blk4", "Block"),
		("U_blk5", "Block"),
		("discard-bin", "Block"),
		("gripping", ("nothing","nothing")),
	),
	"move object",
	(
		"U_blk4",
		"M_blk6",
		(
			(0.998593, -0.053024, -0.000027, ),
			(0.053024, 0.998592, 0.001714, ),
			(-0.000064, -0.001713, 0.999999, ),
		),
		(
			(0.001844, ),
			(-0.002909, ),
			(0.433176, ),
		),
	)
),
(
	(
		("workspace", "Workspace"),
		("table", "Block"),
		("A_blk1", "Block"),
		("A_blk2", "Block"),
		("I_blk1", "Block"),
		("I_blk2", "Block"),
		("M_blk3", "Block"),
		("M_blk4", "Block"),
		("M_blk6", "Block"),
		("M_blk7", "Block"),
		("U_blk2", "Block"),
		("U_blk3", "Block"),
		("U_blk4", "Block"),
		("U_blk5", "Block"),
		("discard-bin", "Block"),
		("gripping", ("nothing","nothing")),
	),
	"move object",
	(
		"U_blk5",
		"U_blk4",
		(
			(0.999805, -0.019548, 0.002647, ),
			(0.019545, 0.999808, 0.001388, ),
			(-0.002674, -0.001336, 0.999996, ),
		),
		(
			(-0.008467, ),
			(0.021092, ),
			(0.438810, ),
		),
	)
),
)
