ground_truth = (
(
	(
		("workspace", "Workspace"),
		("table", "Block"),
		("A_blk1", "Block"),
		("A_blk2", "Block"),
		("I_blk1", "Block"),
		("I_blk2", "Block"),
		("M_blk3", "Block"),
		("M_blk4", "Block"),
		("M_blk6", "Block"),
		("M_blk7", "Block"),
		("U_blk2", "Block"),
		("U_blk3", "Block"),
		("U_blk4", "Block"),
		("U_blk5", "Block"),
		("discard-bin", "Block"),
		("gripping", ("nothing","nothing")),
	),
	"move object",
	(
		"U_blk3",
		"table",
		(
			(0.999773, 0.021165, 0.002308, ),
			(-0.021162, 0.999775, -0.001265, ),
			(-0.002334, 0.001215, 0.999997, ),
		),
		(
			(-0.541025, ),
			(-0.749034, ),
			(2.651144, ),
		),
	)
),
(
	(
		("workspace", "Workspace"),
		("table", "Block"),
		("A_blk1", "Block"),
		("A_blk2", "Block"),
		("I_blk1", "Block"),
		("I_blk2", "Block"),
		("M_blk3", "Block"),
		("M_blk4", "Block"),
		("M_blk6", "Block"),
		("M_blk7", "Block"),
		("U_blk2", "Block"),
		("U_blk3", "Block"),
		("U_blk4", "Block"),
		("U_blk5", "Block"),
		("discard-bin", "Block"),
		("gripping", ("nothing","nothing")),
	),
	"move object",
	(
		"U_blk4",
		"table",
		(
			(0.999779, 0.021001, 0.000120, ),
			(-0.021001, 0.999779, 0.000834, ),
			(-0.000103, -0.000837, 1.000000, ),
		),
		(
			(-1.370155, ),
			(-0.786633, ),
			(2.752214, ),
		),
	)
),
(
	(
		("workspace", "Workspace"),
		("table", "Block"),
		("A_blk1", "Block"),
		("A_blk2", "Block"),
		("I_blk1", "Block"),
		("I_blk2", "Block"),
		("M_blk3", "Block"),
		("M_blk4", "Block"),
		("M_blk6", "Block"),
		("M_blk7", "Block"),
		("U_blk2", "Block"),
		("U_blk3", "Block"),
		("U_blk4", "Block"),
		("U_blk5", "Block"),
		("discard-bin", "Block"),
		("gripping", ("nothing","nothing")),
	),
	"move object",
	(
		"A_blk2",
		"table",
		(
			(0.999987, 0.000288, -0.005087, ),
			(-0.000346, 0.999934, -0.011496, ),
			(0.005084, 0.011498, 0.999921, ),
		),
		(
			(-0.945278, ),
			(-0.784420, ),
			(3.050265, ),
		),
	)
),
(
	(
		("workspace", "Workspace"),
		("table", "Block"),
		("A_blk1", "Block"),
		("A_blk2", "Block"),
		("I_blk1", "Block"),
		("I_blk2", "Block"),
		("M_blk3", "Block"),
		("M_blk4", "Block"),
		("M_blk6", "Block"),
		("M_blk7", "Block"),
		("U_blk2", "Block"),
		("U_blk3", "Block"),
		("U_blk4", "Block"),
		("U_blk5", "Block"),
		("discard-bin", "Block"),
		("gripping", ("nothing","nothing")),
	),
	"move object",
	(
		"M_blk6",
		"A_blk2",
		(
			(0.999923, -0.012377, 0.000249, ),
			(0.012376, 0.999923, 0.000945, ),
			(-0.000261, -0.000942, 1.000000, ),
		),
		(
			(-0.264568, ),
			(0.027822, ),
			(0.372413, ),
		),
	)
),
(
	(
		("workspace", "Workspace"),
		("table", "Block"),
		("A_blk1", "Block"),
		("A_blk2", "Block"),
		("I_blk1", "Block"),
		("I_blk2", "Block"),
		("M_blk3", "Block"),
		("M_blk4", "Block"),
		("M_blk6", "Block"),
		("M_blk7", "Block"),
		("U_blk2", "Block"),
		("U_blk3", "Block"),
		("U_blk4", "Block"),
		("U_blk5", "Block"),
		("discard-bin", "Block"),
		("gripping", ("nothing","nothing")),
	),
	"move object",
	(
		"U_blk5",
		"A_blk2",
		(
			(0.999804, 0.019777, 0.000197, ),
			(-0.019778, 0.999804, 0.000699, ),
			(-0.000184, -0.000702, 1.000000, ),
		),
		(
			(0.285944, ),
			(-0.010686, ),
			(0.393677, ),
		),
	)
),
(
	(
		("workspace", "Workspace"),
		("table", "Block"),
		("A_blk1", "Block"),
		("A_blk2", "Block"),
		("I_blk1", "Block"),
		("I_blk2", "Block"),
		("M_blk3", "Block"),
		("M_blk4", "Block"),
		("M_blk6", "Block"),
		("M_blk7", "Block"),
		("U_blk2", "Block"),
		("U_blk3", "Block"),
		("U_blk4", "Block"),
		("U_blk5", "Block"),
		("discard-bin", "Block"),
		("gripping", ("nothing","nothing")),
	),
	"move object",
	(
		"A_blk1",
		"A_blk2",
		(
			(-0.999997, 0.002312, 0.000199, ),
			(-0.002313, -0.999994, -0.002588, ),
			(0.000193, -0.002589, 0.999997, ),
		),
		(
			(0.032500, ),
			(-0.035398, ),
			(0.763587, ),
		),
	)
),
(
	(
		("workspace", "Workspace"),
		("table", "Block"),
		("A_blk1", "Block"),
		("A_blk2", "Block"),
		("I_blk1", "Block"),
		("I_blk2", "Block"),
		("M_blk3", "Block"),
		("M_blk4", "Block"),
		("M_blk6", "Block"),
		("M_blk7", "Block"),
		("U_blk2", "Block"),
		("U_blk3", "Block"),
		("U_blk4", "Block"),
		("U_blk5", "Block"),
		("discard-bin", "Block"),
		("gripping", ("nothing","nothing")),
	),
	"move object",
	(
		"I_blk1",
		"table",
		(
			(-1.000000, -0.000437, 0.000008, ),
			(0.000437, -1.000000, 0.000000, ),
			(0.000008, 0.000000, 1.000000, ),
		),
		(
			(0.362023, ),
			(-0.832912, ),
			(2.760264, ),
		),
	)
),
(
	(
		("workspace", "Workspace"),
		("table", "Block"),
		("A_blk1", "Block"),
		("A_blk2", "Block"),
		("I_blk1", "Block"),
		("I_blk2", "Block"),
		("M_blk3", "Block"),
		("M_blk4", "Block"),
		("M_blk6", "Block"),
		("M_blk7", "Block"),
		("U_blk2", "Block"),
		("U_blk3", "Block"),
		("U_blk4", "Block"),
		("U_blk5", "Block"),
		("discard-bin", "Block"),
		("gripping", ("nothing","nothing")),
	),
	"move object",
	(
		"M_blk3",
		"I_blk1",
		(
			(-0.995163, 0.098232, 0.000262, ),
			(-0.098233, -0.995163, -0.000285, ),
			(0.000233, -0.000310, 1.000000, ),
		),
		(
			(-0.019057, ),
			(-0.037779, ),
			(0.432728, ),
		),
	)
),
(
	(
		("workspace", "Workspace"),
		("table", "Block"),
		("A_blk1", "Block"),
		("A_blk2", "Block"),
		("I_blk1", "Block"),
		("I_blk2", "Block"),
		("M_blk3", "Block"),
		("M_blk4", "Block"),
		("M_blk6", "Block"),
		("M_blk7", "Block"),
		("U_blk2", "Block"),
		("U_blk3", "Block"),
		("U_blk4", "Block"),
		("U_blk5", "Block"),
		("discard-bin", "Block"),
		("gripping", ("nothing","nothing")),
	),
	"move object",
	(
		"M_blk4",
		"M_blk3",
		(
			(0.999978, 0.006277, -0.001943, ),
			(-0.006282, 0.999977, -0.002378, ),
			(0.001928, 0.002390, 0.999995, ),
		),
		(
			(-0.009481, ),
			(0.006967, ),
			(0.407177, ),
		),
	)
),
(
	(
		("workspace", "Workspace"),
		("table", "Block"),
		("A_blk1", "Block"),
		("A_blk2", "Block"),
		("I_blk1", "Block"),
		("I_blk2", "Block"),
		("M_blk3", "Block"),
		("M_blk4", "Block"),
		("M_blk6", "Block"),
		("M_blk7", "Block"),
		("U_blk2", "Block"),
		("U_blk3", "Block"),
		("U_blk4", "Block"),
		("U_blk5", "Block"),
		("discard-bin", "Block"),
		("gripping", ("nothing","nothing")),
	),
	"move object",
	(
		"I_blk2",
		"M_blk4",
		(
			(-0.999773, -0.021191, 0.002265, ),
			(0.021186, -0.999774, -0.001859, ),
			(0.002304, -0.001811, 0.999996, ),
		),
		(
			(0.004351, ),
			(-0.032346, ),
			(0.411198, ),
		),
	)
),
)
